image: map3.pgm
resolution: 0.025000
origin: [2.116687, -43.297400, 0.000000]
negate: 0
occupied_thresh: 0.65
free_thresh: 0.196

